Toma de datos Data Size y Timestamp de las etiquetas de Video del archivo Video6.pcap
presentado por Diego Prado
Ingenieria de Sistemas Noc. compiladores analizador lexico
Fundacion Universitaria de Popayan


_________________________
Data Size	Timestamp
_________________________
25737		216
1771		249
1464		349
1286		383
1198		416
1738		449
1335		483
1593		516
8097		550
631		583
614		616
635		650
663		683
703		716
796		750
798		783
11412		816
638		850
666		883
758		917
1223		950
690		983
673		1017
806		1050
9446		1083
984		1117
659		1150
667		1184
695		1217
753		1250
760		1284
830		1317
7125		1350
1584		1384
870		1417
814		1450
866		1484
968		1517
1285		1551
940		1584
4924		1617
1194		1651
794		1684
828		1717
886		1751
936		1784
972		1817
948		1851
7904		1884
649		1918
644		1951
649		1984
740		2018
696		2051
747		2084
813		2118
8029		2151
1399		2185
787		2218
12837		2251
2644		2285
1317		2318
1245		2351
1500		2385
1670		2418
1465		2451
1641		2485
4661		2518
527		2552
573		2585
685		2618
679		2652
699		2685
678		2718
841		2752
9710		2785
754		2818
631		2852
762		2885
791		2919
710		2952
867		2985
744		3019
6417		3052
1168		3085
873		3119
1131		3152
836		3186
919		3219
1085		3252
976		3286
7146		3319
1482		3352
756		3386
816		3419
870		3452
856		3486
883		3519
914		3553
7180		3586
659		3619
636		3653
634		3686
746		3719
771		3753
782		3786
722		3819
10548		3853
1236		3886
638		3920
750		3953
686		3986
703		4020
679		4053
774		4086
7017		4120
1266		4153
787		4187
12090		4220
2894		4253
1414		4287
1462		4320
1371		4353
1444		4387
2020		4420
1587		4453
3242		4487
436		4520
445		4554
469		4587
3566		4620
453		4654
393		4687
350		4720
4123		4754
675		4787
580		4820
555		4854
643		4887
8524		4921
480		4954
494		4987
533		5021
5079		5054
514		5087
523		5121
675		5154
6504		5188
877		5221
656		5254
798		5288
3212		5321
1494		5354
1189		5388
966		5421
3105		5454
2805		5488
2255		5521
2012		5555
1948		5588
1660		5621
1703		5655
1812		5688
1855		5721
1744		5755
1589		5788
1508		5821
1710		5855
1757		5888
1572		5922
1650		5955
2031		5988
1439		6022
1691		6055
1847		6088
1822		6122
1853		6155
5571		6189
1924		6222
1972		6255
1814		6289
1849		6322
1828		6355
1620		6389
1580		6422
1637		6455
1532		6489
1545		6522
1463		6556
1558		6589
1729		6622
1564		6656
1567		6689
1492		6722
1663		6756
1374		6789
1344		6822
1505		6856
1488		6889
1448		6923
1305		6956
1511		6989
1524		7023
1531		7056
1292		7089
1649		7123
4197		7156
481		7190
520		7223
584		7256
2553		7290
514		7323
694		7356
692		7390
700		7423
2106		7456
1921		7490
1631		7523
1634		7557
1510		7590
1770		7623
3602		7657
534		7690
582		7723
576		7757
2128		7790
2770		7823
623		7857
626		7890
671		7924
3613		7957
623		7990
629		8024
681		8057
700		8090
5319		8124
7649		8157
2684		8191
1821		8224
1573		8257
1508		8291
1696		8324
1757		8357
1509		8391
3484		8424
650		8457
711		8491
749		8524
4493		8558
728		8591
861		8624
873		8658
901		8691
893		8724
8086		8758
905		8791
824		8824
955		8858
874		8891
920		8925
956		8958
899		8991
10732		9025
1031		9058
1014		9091
1130		9125
1064		9158
1021		9192
1168		9225
1018		9258
6431		9292
1122		9325
1159		9358
1084		9392
1146		9425
1104		9458
1042		9492
1162		9525
5365		9559
1012		9592
990		9625
1026		9659
999		9692
968		9725
964		9759
1094		9792
6491		9825
924		9859
1045		9892
1139		9926
1073		9959
1049		9992
1059		10026
1044		10059
6153		10092
10419		10126
2536		10159
1990		10193
1762		10226
1679		10259
1748		10293
1546		10326
1664		10359
5506		10393
568		10426
692		10459
810		10493
793		10526
820		10560
854		10593
885		10626
6161		10660
1005		10693
848		10726
911		10760
985		10793
958		10826
1142		10860
1059		10893
6914		10927
881		10960
832		10993
903		11027
879		11060
993		11093
925		11127
946		11160
7331		11194
1189		11227
923		11260
855		11294
944		11327
998		11360
999		11394
890		11427
7396		11460
459		11494
531		11527
568		11561
3923		11594
478		11627
541		11661
659		11694
5839		11727
509		11761
630		11794
512		11827
4515		11861
1366		11894
1130		11928
1069		11961
1126		11994
1090		12028
1115		12061
8566		12094
3100		12128
1875		12161
1641		12195
1685		12228
1736		12261
1785		12295
1575		12328
3851		12361
497		12395
603		12428
577		12461
639		12495
4795		12528
593		12562
644		12595
735		12628
682		12662
670		12695
5467		12728
678		12762
648		12795
689		12828
3792		12862
895		12895
876		12929
814		12962
781		12995
6177		13029
806		13062
866		13095
909		13129
963		13162
900		13196
4548		13229
743		13262
702		13296
776		13329
3904		13362
546		13396
570		13429
599		13462
5553		13496
724		13529
725		13563
711		13596
873		13629
6394		13663
414		13696
519		13729
578		13763
5538		13796
597		13829
718		13863
819		13896
706		13930
796		13963
4859		13996
888		14030
8826		14063
3468		14096
1245		14130
1380		14163
1477		14197
1498		14230
1487		14263
1502		14297
3341		14330
536		14363
552		14397
620		14430
3054		14463
638		14497
651		14530
648		14564
731		14597
763		14630
7131		14664
536		14697
577		14730
667		14764
3806		14797
1125		14830
933		14864
872		14897
870		14931
4542		14964
687		14997
732		15031
741		15064
3103		15097
907		15131
911		15164
903		15198
3695		15231
738		15264
784		15298
693		15331
3828		15364
714		15398
669		15431
732		15464
4655		15498
1209		15531
776		15565
764		15598
842		15631
825		15665
6833		15698
542		15731
616		15765
664		15798
4557		15831
608		15865
702		15898
730		15932
2642		15965
2422		15998
8482		16032
2313		16065
1687		16098
1594		16132
1776		16165
1837		16199
1875		16232
1745		16265
3426		16299
683		16332
792		16365
733		16399
3054		16432
653		16465
775		16499
807		16532
3761		16566
839		16599
907		16632
954		16666
877		16699
3926		16732
803		16766
775		16799
850		16832
3345		16866
1086		16899
1308		16933
1223		16966
1087		16999
1222		17033
1168		17066
1242		17099
8822		17133
729		17166
754		17200
757		17233
848		17266
846		17300
803		17333
893		17366
8519		17400
1065		17433
815		17466
859		17500
973		17533
937		17567
970		17600
1209		17633
6246		17667
1645		17700
1178		17733
1302		17767
1194		17800
1153		17833
9641		17867
3025		17900
2414		17934
2001		17967
1924		18000
1846		18034
1666		18067
1717		18100
1769		18134
1579		18167
2172		18201
836		18234
885		18267
1008		18301
2275		18334
859		18367
1067		18401
1080		18434
2685		18467
924		18501
933		18534
1056		18568
2582		18601
733		18634
912		18668
1002		18701
3092		18734
664		18768
832		18801
835		18834
3737		18868
711		18901
768		18935
839		18968
3300		19001
875		19035
841		19068
979		19101
3379		19135
1060		19168
1180		19202
1011		19235
1030		19268
1379		19302
1165		19335
1538		19368
5230		19402
1112		19435
1028		19468
10287		19502
2963		19535
2327		19569
2028		19602
1715		19635
1748		19669
1712		19702
1606		19735
1492		19769
1558		19802
1627		19835
1474		19869
1485		19902
3115		19936
577		19969
610		20002
625		20036
4078		20069
557		20102
684		20136
657		20169
646		20203
6772		20236
933		20269
1005		20303
1282		20336
863		20369
984		20403
1245		20436
991		20469
9549		20503
1452		20536
869		20570
926		20603
877		20636
1002		20670
1225		20703
1109		20736
7259		20770
1039		20803
949		20836
855		20870
931		20903
1268		20937
841		20970
911		21003
6827		21037
974		21070
950		21103
876		21137
804		21170
814		21204
1010		21237
924		21270
8314		21304
1334		21337
881		21370
1049		21404
931		21437
11843		21470
3422		21504
1635		21537
1421		21571
1593		21604
1510		21637
1388		21671
1563		21704
3918		21737
556		21771
657		21804
979		21837
761		21871
1077		21904
783		21938
790		21971
6570		22004
1349		22038
872		22071
1048		22104
17975		22138
2983		22171
1782		22271
1816		22305
1462		22338
1466		22371
1520		22405
1647		22438
5740		22471
608		22505
697		22538
825		22572
817		22605
807		22638
1015		22672
1000		22705
5958		22738
1109		22772
894		22805
1067		22838
957		22872
763		22905
774		22939
745		22972
8624		23005
823		23039
787		23072
819		23105
825		23139
941		23172
1016		23206
1003		23239
7731		23272
835		23306
769		23339
788		23372
738		23406
837		23439
942		23472
728		23506
6363		23539
1492		23573
1060		23606
1051		23639
1098		23673
1323		23706
1380		23739
1232		23773
4050		23806
707		23839
713		23873
798		23906
3148		23940
577		23973
653		24006
626		24040
3966		24073
995		24106
798		24140
9882		24173
2757		24207
1214		24240
1309		24273
1494		24307
1368		24340
1425		24373
1601		24407
4487		24440
587		24473
702		24507
817		24540
820		24574
798		24607
800		24640
1161		24674
12812		24707
457		24740
502		24774
472		24807
4149		24840
526		24874
587		24907
516		24941
2858		24974
2425		25007
1771		25041
2548		25074
901		25107
1122		25141
1272		25174
999		25208
2303		25241
1902		25274
1661		25308
3077		25341
636		25374
888		25408
771		25441
2051		25474
1674		25508
1596		25541
1677		25575
1536		25608
1725		25641
1618		25675
1423		25708
1711		25741
1668		25775
2330		25808
814		25841
777		25875
786		25908
3389		25942
810		25975
779		26008
777		26042
869		26075
4356		26108
7224		26142
2125		26175
1535		26209
1499		26242
1602		26275
1713		26309
1542		26342
1614		26375
2818		26409
552		26442
829		26475
729		26509
5042		26542
668		26576
716		26609
766		26642
906		26676
6539		26709
826		26742
1231		26776
927		26809
1042		26842
2290		26876
2462		26909
1855		26943
1652		26976
1778		27009
2451		27043
812		27076
588		27109
615		27143
4713		27176
552		27210
623		27243
744		27276
774		27310
4239		27343
832		27376
1064		27410
906		27443
999		27476
952		27510
984		27543
939		27577
5342		27610
563		27643
534		27677
605		27710
5506		27743
1398		27777
1010		27810
1050		27843
1095		27877
1080		27910
1255		27944
1036		27977
10089		28010
1180		28044
1102		28077
12672		28110
3492		28144
1656		28177
2093		28211
1684		28244
2008		28277
1931		28311
1762		28344
5425		28377
599		28411
675		28444
676		28477
694		28511
651		28544
4951		28578
594		28611
661		28644
677		28678
848		28711
698		28744
6904		28778
929		28811
854		28844
968		28878
1139		28911
999		28945
1023		28978
788		29011
10107		29045
664		29078
769		29111
974		29145
831		29178
825		29212
852		29245
997		29278
7927		29312
852		29345
889		29378
863		29412
953		29445
859		29478
983		29512
1058		29545
6092		29579
1031		29612
762		29645
810		29679
796		29712
796		29745
778		29779
790		29812
10358		29845
338		29879
438		29912
462		29946
431		29979
540		30012
578		30046
10355		30079
2878		30112
1170		30146
1237		30179
1295		30213
1337		30246
1453		30279
1698		30313
3450		30346
688		30379
658		30413
647		30446
1174		30479
1955		30513
1264		30546
1131		30580
2029		30613
1573		30646
1150		30680
1084		30713
1244		30746
930		30780
1566		30813
1124		30846
1830		30880
1499		30913
1066		30947
1210		30980
1172		31013
1001		31047
1407		31080
1037		31113
2203		31147
1458		31180
1186		31214
1205		31247
1333		31280
1140		31314
1614		31347
1047		31380
2128		31414
1411		31447
1176		31480
1271		31514
1385		31547
929		31581
1730		31614
1210		31647
3152		31681
1360		31714
1104		31747
1138		31781
1406		31814
806		31847
1640		31881
1103		31914
4995		31948
1406		31981
960		32014
10396		32048
2337		32081
1469		32114
1746		32148
1641		32181
1278		32215
2118		32248
1402		32281
2944		32315
1413		32348
948		32381
1182		32415
1203		32448
859		32481
1742		32515
1120		32548
4358		32582
1290		32615
1159		32648
1607		32682
1445		32715
1461		32748
1292		32782
1100		32815
10755		32848
777		32882
732		32915
768		32949
863		32982
961		33015
910		33049
1034		33082
12188		33115
964		33149
823		33182
755		33216
805		33249
1051		33282
897		33316
1055		33349
5485		33382
757		33416
662		33449
736		33482
817		33516
594		33549
7076		33583
759		33616
766		33649
732		33683
841		33716
718		33749
935		33783
832		33816
13391		33849
794		33883
659		33916
690		33950
739		33983
11562		34016
2375		34050
1226		34083
1318		34116
1426		34150
1542		34183
1671		34217
1533		34250
3805		34283
862		34317
809		34350
1011		34383
945		34417
877		34450
944		34483
948		34517
5831		34550
1075		34584
849		34617
998		34650
1005		34684
853		34717
1080		34750
1028		34784
6984		34817
1109		34850
847		34884
904		34917
1077		34951
986		34984
996		35017
1004		35051
5383		35084
932		35117
1049		35151
1023		35184
1076		35218
909		35251
1049		35284
975		35318
8746		35351
787		35384
822		35418
2009		35451
1642		35484
865		35518
833		35551
785		35585
6743		35618
955		35651
699		35685
803		35718
870		35751
967		35785
985		35818
907		35918
6009		35952
678		35985
474		36018
9514		36052
2250		36085
2329		36118
1675		36152
1785		36185
1607		36219
1343		36252
1556		36285
3129		36319
859		36352
847		36385
761		36419
1165		36452
970		36485
960		36519
940		36552
7282		36586
1010		36619
909		36652
1014		36686
961		36719
914		36752
975		36786
814		36819
4981		36852
1013		36886
846		36919
792		36953
969		36986
908		37019
1049		37053
936		37086
5449		37119
1164		37153
1292		37186
1266		37220
1243		37253
1088		37286
1119		37320
1072		37353
9414		37386
625		37420
569		37453
708		37486
713		37520
617		37553
769		37587
764		37620
4953		37653
1339		37687
1205		37720
1136		37753
1219		37787
991		37820
1219		37853
996		37887
10480		37920
518		37954
584		37987
10913		38020
3084		38054
1728		38087
1840		38120
1498		38154
1827		38187
1727		38221
1767		38254
4973		38287
793		38321
673		38354
920		38387
760		38421
743		38454
924		38487
839		38521
5623		38554
917		38588
958		38621
799		38654
1127		38688
819		38721
1033		38754
984		38788
11008		38821
793		38854
604		38888
832		38921
652		38955
610		38988
842		39021
701		39055
5643		39088
1135		39121
1074		39155
867		39188
1015		39222
838		39255
1264		39288
1154		39322
6276		39355
757		39388
709		39422
856		39455
904		39488
727		39522
889		39555
896		39589
7120		39622
835		39655
786		39689
798		39722
794		39755
815		39789
879		39822
866		39855
6997		39889
849		39922
574		39956
10769		39989
2921		40022
1929		40056
1925		40089
1769		40122
2040		40156
1770		40189
1589		40223
3545		40256
798		40289
675		40323
818		40356
893		40389
700		40423
1019		40456
1001		40489
7322		40523
1058		40556
937		40590
1050		40623
1075		40656
1098		40690
1068		40723
965		40756
4961		40790
909		40823
862		40856
907		40890
1090		40923
1152		40957
1021		40990
1026		41023
6766		41057
1043		41090
920		41123
955		41157
865		41190
710		41224
1032		41257
818		41290
5018		41324
1081		41357
1031		41390
886		41424
985		41457
1115		41490
1037		41524
991		41557
4881		41591
1082		41624
915		41657
1112		41691
1246		41724
1139		41757
1191		41791
1055		41824
10795		41857
637		41891
655		41924
10734		41958
3283		41991
1886		42024
1874		42058
1885		42091
1896		42124
1906		42158
1663		42191
3006		42225
1073		42258
949		42291
1122		42325
1008		42358
1112		42391
1030		42425
1000		42458
3846		42491
880		42525
871		42558
919		42592
982		42625
935		42658
1099		42692
1055		42725
6206		42758
779		42792
684		42825
814		42858
821		42892
4022		42925
1040		42959
986		42992
960		43025
914		43059
924		43092
4646		43125
798		43159
668		43192
791		43226
2422		43259
2228		43292
2038		43326
1748		43359
1790		43392
1746		43426
1741		43459
1653		43492
2320		43526
677		43559
705		43593
762		43626
3974		43659
663		43693
641		43726
633		43759
4033		43793
683		43826
599		43859
696		43893
7055		43926
2964		43960
1827		43993
1749		44026
1598		44060
1742		44093
1763		44126
1625		44160
3934		44193
832		44227
760		44260
873		44293
3430		44327
798		44360
859		44393
869		44427
932		44460
1016		44493
4831		44527
918		44560
976		44594
992		44627
2036		44660
1786		44694
1812		44727
1630		44760
1782		44794
1614		44827
1545		44860
1611		44894
1493		44927
1480		44961
1573		44994
1495		45027
1535		45061
1687		45094
1641		45127
1727		45161
1826		45194
1848		45228
1677		45261
1963		45294
1665		45328
1648		45361
1813		45394
1558		45428
1507		45461
1468		45494
1313		45528
2579		45561
673		45595
636		45628
676		45661
3207		45695
817		45728
970		45761
1052		45795
945		45828
1333		45861
6999		45895
2154		45928
1630		45962
1792		45995
1565		46028
1586		46062
1548		46095
1596		46128
3728		46162
754		46195
785		46229
765		46262
4248		46295
727		46329
774		46362
844		46395
4327		46429
1054		46462
894		46495
1009		46529
2081		46562
1912		46596
1756		46629
1874		46662
1700		46696
1852		46729
1679		46762
1723		46796
1876		46829
1579		46862
1571		46896
9856		46929
1981		46963
1745		46996
1437		47029
1371		47063
1371		47096
1278		47129
1693		47163
5369		47196
687		47230
889		47263
889		47296
916		47330
983		47363
1019		47396
983		47430
7171		47463
840		47496
832		47530
893		47563
955		47597
905		47630
2204		47663
1939		47697
1675		47730
1733		47763
1807		47797
1469		47830
3765		47863
847		47897
785		47930
931		47964
3244		47997
724		48030
802		48064
856		48097
3650		48130
783		48164
752		48197
703		48231
3974		48264
883		48297
860		48331
1001		48364
978		48397
5395		48431
762		48464
815		48497
815		48531
4178		48564
815		48598
802		48631
908		48664
5493		48698
545		48731
584		48764
607		48798
5978		48831
1168		48864
9395		48898
2712		48931
1852		48965
1869		48998
1595		49031
1636		49065
1644		49098
1594		49131
5933		49165
854		49198
793		49232
951		49265
989		49298
901		49332
1124		49365
1056		49398
7768		49432
1380		49465
834		49498
832		49532
951		49565
1080		49599
764		49632
993		49665
7559		49699
717		49732
797		49765
800		49799
698		49832
690		49865
6872		49899
693		49932
689		49966
542		49999
695		50032
718		50066
9074		50099
757		50132
671		50166
705		50199
619		50233
842		50266
8523		50299
881		50333
843		50366
740		50399
706		50433
876		50466
915		50499
740		50533
9403		50566
1187		50600
761		50633
770		50666
833		50700
771		50733
870		50766
865		50800
11084		50833
14970		50866
2685		50900
1309		50933
1478		50967
1479		51000
1300		51033
1642		51067
1613		51100
4273		51133
625		51167
667		51200
666		51234
753		51267
800		51300
738		51334
799		51367
8547		51400
924		51434
743		51467
750		51500
707		51534
778		51567
814		51601
757		51634
8397		51667
1081		51701
670		51734
899		51767
764		51801
727		51834
979		51867
785		51901
8248		51934
1104		51968
868		52001
706		52034
722		52068
829		52101
757		52134
883		52168
8162		52201
1061		52235
820		52268
941		52301
793		52335
1019		52368
857		52401
805		52435
7159		52468
591		52501
507		52535
641		52568
614		52602
570		52635
5789		52668
1229		52702
751		52735
827		52768
826		52802
11864		52835
2311		52868
1286		52902
1260		52935
1481		52969
1478		53002
1432		53035
1653		53069
1913		53102
2804		53135
756		53169
939		53202
901		53236
900		53269
1055		53302
942		53336
897		53369
4642		53402
1074		53436
1209		53536
1296		53569
1114		53603
1006		53636
1131		53669
1214		53703
4794		53736
769		53769
850		53803
964		53836
2923		53869
884		53903
945		53936
979		53970
2519		54003
1231		54036
1229		54070
1334		54103
2055		54136
1767		54170
1796		54203
1714		54237
1981		54270
1182		54303
1136		54337
1139		54370
1931		54403
1495		54437
1993		54470
843		54503
860		54537
968		54570
2455		54604
932		54637
1034		54670
966		54704
2485		54737
833		54770
977		54804
984		54837
6129		54870
1779		54904
1491		54937
1626		54971
1614		55004
1572		55037
1492		55071
1540		55104
4417		55137
825		55171
788		55204
853		55238
3559		55271
746		55304
748		55338
806		55371
814		55404
5119		55438
924		55471
814		55504
984		55538
1016		55571
903		55605
1996		55638
1669		55671
1598		55705
1764		55738
1572		55771
5714		55805
697		55838
664		55871
813		55905
4818		55938
717		55972
728		56005
770		56038
778		56072
6065		56105
704		56138
616		56172
652		56205
5146		56239
1160		56272
857		56305
810		56339
933		56372
863		56405
973		56439
976		56472
9019		56505
1495		56539
1068		56572
1197		56606
1154		56639
1114		56672
1163		56706
1119		56739
5471		56772
977		56806
10810		56839
2453		56872
1601		56906
1562		56939
1470		56973
1771		57006
1410		57039
1601		57073
5191		57106
891		57139
871		57173
856		57206
922		57240
847		57273
947		57306
832		57340
8910		57373
950		57406
756		57440
814		57473
808		57506
823		57540
931		57573
795		57607
8077		57640
1271		57673
945		57707
1278		57740
980		57773
920		57807
1051		57840
1032		57873
8036		57907
1012		57940
947		57974
876		58007
941		58040
867		58074
978		58107
999		58140
7454		58174
1042		58207
763		58241
824		58274
776		58307
971		58341
857		58374
852		58407
7121		58441
907		58474
745		58507
794		58541
809		58574
811		58608
4690		58641
1212		58674
917		58708
929		58741
1004		58774
10189		58808
3407		58841
1666		58874
1667		58908
1606		58941
2190		58975
1539		59008
1648		59041
3417		59075
805		59108
776		59141
799		59175
853		59208
833		59242
970		59275
993		59308
5354		59342
1059		59375
956		59408
859		59442
1054		59475
956		59508
1264		59542
1026		59575
5833		59609
1128		59642
920		59675
1063		59709
1147		59742
922		59775
1199		59809
960		59842
4418		59875
1089		59909
981		59942
1024		59976
1194		60009
1196		60042
4159		60076
1095		60109
1038		60142
1072		60176
1054		60209
1055		60243
1201		60276
1091		60309
3969		60343
1043		60376
839		60409
841		60443
1073		60476
996		60509
4564		60543
930		60576
1029		60610
996		60643
1034		60676
1006		60710
983		60743
8714		60776
2458		60810
1467		60843
1836		60876
1717		60910
1546		60943
1788		60977
1584		61010
3443		61043
773		61077
827		61110
819		61143
3004		61177
843		61210
796		61244
820		61277
3582		61310
807		61344
666		61377
767		61410
3308		61444
780		61477
859		61510
874		61544
4615		61577
715		61611
718		61644
779		61677
3925		61711
727		61744
674		61777
635		61811
4968		61844
1172		61877
912		61911
1045		61944
870		61978
886		62011
5142		62044
1400		62078
978		62111
1259		62144
1232		62178
1107		62211
1194		62245
1191		62278
5087		62311
757		62345
818		62378
760		62411
3424		62445
623		62478
833		62511
830		62545
3795		62578
731		62612
630		62645
727		62678
3904		62712
8286		62745
2455		62778
1867		62812
1957		62845
2008		62878
1588		62912
1739		62945
1674		62979
4115		63012
786		63045
727		63079
841		63112
791		63145
793		63179
6668		63212
730		63246
576		63279
663		63312
782		63346
5144		63379
1068		63412
905		63446
1067		63479
962		63512
848		63546
957		63579
866		63613
6003		63646
1257		63679
1006		63713
3074		63746
1682		63779
1723		63813
1059		63913
1025		63946
4088		63980
991		64013
783		64046
829		64080
1156		64113
1099		64146
1231		64180
1140		64213
5329		64247
1079		64280
922		64313
1263		64347
1318		64380
1288		64413
1213		64447
1385		64480
6315		64513
983		64547
1047		64580
973		64614
1122		64647
1186		64680
1088		64714
976		64747
9463		64780
1819		64814
1821		64847
1713		64880
1612		64914
1657		64947
1537		64981
1506		65014
3160		65047
956		65081
991		65114
1027		65147
1033		65181
1233		65214
1300		65248
1345		65281
3811		65314
1012		65348
858		65381
947		65414
2082		65448
1658		65481
1821		65514
1685		65548
1679		65581
1613		65615
1518		65648
1720		65681
2604		65715
849		65748
823		65781
947		65815
2046		65848
1764		65881
1934		65915
1719		65948
1684		65982
1841		66015
1506		66048
1727		66082
1364		66115
1471		66148
1700		66182
1500		66215
1717		66249
1784		66282
1604		66315
1639		66349
1621		66382
1740		66415
1744		66449
1655		66482
1609		66515
1560		66549
2231		66582
684		66616
879		66649
904		66682
3130		66716
6499		66749
2542		66782
1683		66816
1740		66849
1677		66882
1709		66916
2008		66949
1496		66983
6467		67016
678		67049
726		67083
718		67116
1909		67149
4380		67183
448		67216
483		67250
573		67283
5436		67316
710		67350
617		67383
612		67416
769		67450
648		67483
7022		67516
963		67550
707		67583
1011		67617
965		67650
817		67683
906		67717
900		67750
9943		67783
1089		67817
668		67850
752		67883
797		67917
795		67950
972		67984
712		68017
8073		68050
1228		68084
740		68117
688		68150
713		68184
758		68217
758		68251
833		68284
9669		68317
1038		68351
1224		68384
1067		68417
1042		68451
1133		68484
1016		68517
1188		68551
1902		68584
1876		68618
1768		68651
1609		68684
6873		68718
1714		68751
1528		68784
1761		68818
1473		68851
1764		68884
1606		68918
1702		68951
1634		68985
1646		69018
1706		69051
1633		69085
1740		69118
2186		69151
1572		69185
1618		69218
1734		69252
1559		69285
1571		69318
1515		69352
1529		69385
1599		69418
1538		69452
1564		69485
1633		69518
1506		69552
1414		69585
1359		69619
1336		69652
1870		69685
1658		69719
1000		69752
1039		69785
1104		69819
1916		69852
1039		69885
908		69919
1068		69952
2439		69986
922		70019
922		70052
786		70086
2477		70119
1351		70152
971		70186
1310		70219
1270		70253
1288		70286
1390		70319
1444		70353
3406		70386
1285		70419
1185		70453
1056		70486
1207		70519
894		70553
1771		70586
3581		70620
1407		70653
9581		70686
1882		70720
1698		70753
1675		70786
1473		70820
1564		70853
1538		70886
1562		70920
5615		70953
1142		70987
923		71020
1084		71053
947		71087
1004		71120
1180		71153
1106		71187
6561		71220
957		71254
892		71287
837		71320
877		71354
855		71387
6186		71420
954		71454
922		71487
856		71520
885		71554
5567		71587
1008		71621
832		71654
959		71687
1255		71721
1206		71754
3641		71787
1261		71821
951		71854
1217		71887
977		71921
882		71954
1310		71988
1021		72021
6236		72054
931		72088
950		72121
991		72154
1217		72188
958		72221
1116		72255
988		72288
4482		72321
1256		72355
954		72388
1036		72421
1259		72455
1004		72488
1434		72521
933		72555
3832		72588
1549		72622
11304		72655
1973		72688
1529		72722
1658		72755
1853		72788
1684		72822
1798		72855
1524		72888
5486		72922
1283		72955
998		72989
1141		73022
1130		73055
987		73089
1275		73122
999		73155
7351		73189
1043		73222
888		73256
1040		73289
1040		73322
844		73356
1145		73389
871		73422
4849		73456
1443		73489
1226		73522
1170		73556
1265		73589
1163		73623
1247		73656
1160		73689
6006		73723
1070		73756
1586		73789
991		73823
1128		73856
944		73889
1158		73923
1038		73956
2665		73990
1386		74023
1025		74056
1389		74090
1243		74123
1149		74156
1465		74190
957		74223
3225		74257
1579		74290
945		74323
1274		74357
1439		74390
1086		74423
1667		74457
1275		74490
5070		74523
1178		74557
974		74590
11472		74624
1931		74657
1524		74690
1514		74724
1749		74757
1503		74790
1740		74824
1534		74857
5816		74890
1098		74924
891		74957
977		74991
1033		75024
834		75057
1211		75091
1114		75124
5363		75157
1264		75191
975		75224
1056		75258
1126		75291
915		75324
1189		75358
921		75391
6685		75424
1265		75458
1038		75491
1079		75524
1214		75558
855		75591
1298		75625
1082		75658
2015		75691
4157		75725
1319		75758
1092		75791
1642		75825
1330		75858
1238		75891
1246		75925
1319		75958
2982		75992
1014		76025
976		76058
986		76092
1141		76125
864		76158
4087		76192
1122		76225
1221		76259
954		76292
1339		76325
911		76359
1240		76392
1410		76425
1875		76459
4056		76492
1354		76525
1093		76559
11006		76592
1982		76626
1543		76659
1784		76692
1598		76726
1407		76759
2036		76792
1582		76826
5040		76859
1115		76892
907		76926
940		76959
1102		76993
902		77026
1151		77059
1037		77093
8008		77126
1121		77159
991		77193
979		77226
1040		77260
916		77293
1146		77326
1137		77360
4036		77393
1245		77426
1069		77460
1271		77493
1255		77526
1120		77560
1299		77593
1221		77627
2239		77660
4116		77693
1158		77727
964		77760
1090		77793
1365		77827
1465		77860
1253		77893
1147		77927
3547		77960
1308		77994
894		78027
1091		78060
1160		78094
896		78127
1348		78160
1066		78194
4594		78227
1359		78261
1084		78294
1048		78327
1265		78361
973		78394
1395		78427
1200		78461
3798		78494
1560		78527
11645		78561
1915		78594
1526		78628
1537		78661
1772		78694
1309		78728
1950		78761
1655		78794
4098		78828
1139		78861
874		78894
1053		78928
1031		78961
935		78995
1252		79028
1073		79061
6091		79095
1191		79128
999		79161
1053		79195
1222		79228
917		79262
1282		79295
1184		79328
5945		79362
1356		79395
1089		79428
1092		79462
1193		79495
1077		79528
1247		79562
1013		79595
5995		79629
1203		79662
1029		79695
1049		79729
1180		79762
974		79795
1215		79829
1394		79862
3517		79895
1433		79929
1147		79962
1090		79996
1389		80029
1027		80062
1597		80096
1050		80129
3544		80162
1436		80196
1235		80229
1259		80263
1327		80296
1043		80329
1417		80363
1182		80396
4013		80429
1259		80463
1053		80496
11113		80529
2149		80563
1509		80596
1718		80630
1739		80663
1480		80696
1813		80730
1483		80763
2840		80796
1275		80830
1041		80863
1263		80896
1242		80930
1093		80963
1307		80997
1175		81030
6246		81063
1092		81097
1014		81130
1000		81163
1180		81197
997		81230
1306		81264
1017		81297
5970		81330
1200		81364
1109		81397
1089		81430
1209		81464
920		81497
1319		81530
1090		81564
1936		81597
4090		81631
1403		81664
1067		81697
1141		81731
1190		81764
888		81797
1444		81831
1022		81864
5713		81897
1150		81931
862		81964
1136		81998
1035		82031
814		82064
1151		82098
837		82131
4569		82164
1274		82198
1230		82231
1129		82265
1291		82298
1018		82331
1323		82365
1359		82398
4196		82431
1288		82465
11727		82498
1991		82531
1602		82565
1683		82598
1736		82632
1577		82665
1780		82698
1683		82732
3690		82765
1190		82798
916		82832
1004		82865
1165		82898
1083		82932
1191		82965
1198		82999
7216		83032
1089		83065
912		83099
1009		83132
958		83165
887		83199
1041		83232
904		83266
7794		83299
837		83332
782		83366
987		83399
894		83432
859		83466
1081		83499
867		83532
6009		83566
1233		83599
1077		83633
1121		83666
1152		83699
996		83733
1184		83766
1317		83799
4383		83833
1345		83866
1184		83899
1276		83933
1215		83966
1180		84000
1399		84033
1020		84066
5602		84100
932		84133
755		84166
879		84200
818		84233
658		84267
1162		84300
898		84333
5746		84367
1273		84400
980		84433
11583		84467
2195		84500
1651		84533
1756		84567
1742		84600
1632		84634
1890		84667
1524		84700
3955		84734
1090		84767
1029		84800
991		84834
1201		84867
1063		84900
1245		84934
1008		84967
4709		85001
1236		85034
1067		85067
1069		85101
1147		85134
994		85167
1225		85201
1018		85234
5656		85268
1301		85301
904		85334
1122		85368
1150		85401
1010		85434
1241		85468
1057		85501
5952		85534
996		85568
848		85601
930		85635
949		85668
724		85701
6744		85735
944		85768
794		85801
1117		85835
1081		85868
965		85901
1051		85935
937		85968
6384		86002
1330		86035
1078		86068
1016		86102
1126		86135
870		86168
1116		86202
1085		86235
3536		86269
1486		86302
1266		86335
1291		86369
1191		86402
11927		86435
1842		86469
1537		86502
1688		86535
1815		86569
1814		86602
2050		86636
1483		86669
1545		86702
2283		86736
1397		86769
1069		86802
1321		86836
1182		86869
1069		86902
1366		86936
1259		86969
4413		87003
1322		87036
1082		87069
1111		87103
1220		87136
1087		87169
1348		87203
1050		87236
3471		87270
1465		87303
1204		87336
1230		87370
1365		87403
1078		87436
1379		87470
1373		87503
4643		87536
1259		87570
1064		87603
1201		87637
1245		87670
1003		87703
1308		87737
1213		87770
5367		87803
1455		87837
1289		87870
1378		87903
1280		87937
1273		87970
1274		88004
1118		88037
3491		88070
1245		88104
954		88137
1041		88170
1157		88204
909		88237
1205		88271
1044		88304
3173		88337
1347		88371
11691		88404
2140		88437
1709		88471
1805		88504
1675		88537
1516		88571
1819		88604
1510		88638
3176		88671
1178		88704
1057		88738
1089		88771
1179		88804
1112		88838
1419		88871
1273		88904
6841		88938
1086		88971
947		89005
1054		89038
1027		89071
984		89105
1097		89138
974		89171
5744		89205
990		89238
791		89272
842		89305
1022		89338
823		89372
1082		89405
935		89438
7376		89472
1123		89505
964		89538
1144		89572
1110		89605
1071		89639
1196		89672
917		89705
2308		89739
5837		89772
1150		89805
1011		89839
1050		89872
1411		89905
971		89939
1282		89972
1041		90006
5056		90039
858		90072
905		90106
862		90139
966		90172
811		90206
1047		90239
905		90273
4174		90306
1347		90339
11767		90373
1793		90406
1542		90439
1598		90473
1766		90506
1409		90539
1754		90573
1492		90606
3327		90640
1250		90673
1054		90706
1161		90740
1264		90773
1109		90806
1379		90840
1157		90873
1863		90906
3661		90940
1160		90973
1150		91007
1211		91040
1263		91073
1083		91107
1281		91140
1190		91173
5261		91207
1303		91240
1169		91274
1217		91307
1179		91340
1063		91374
1309		91407
1168		91440
5194		91474
1236		91507
1009		91540
1103		91574
1311		91607
1024		91641
1290		91674
1231		91707
5102		91741
1364		91774
1107		91807
1146		91841
1292		91874
1105		91907
1842		91941
1244		91974
3953		92008
1214		92041
1036		92074
1117		92108
1142		92141
919		92174
1410		92208
1035		92241
3763		92275
1431		92308
11789		92341
1894		92375
1555		92408
1726		92441
1718		92475
1407		92508
1929		92541
1481		92575
4107		92608
1121		92642
997		92675
956		92708
1183		92742
858		92775
1294		92808
1063		92842
4277		92875
1163		92908
934		92942
1144		92975
1166		93009
835		93042
1312		93075
979		93109
8489		93142
1088		93175
985		93209
1031		93242
1038		93276
885		93309
1295		93342
1022		93376
8103		93409
1198		93442
880		93476
955		93509
1035		93542
893		93576
1179		93609
972		93643
3466		93676
1349		93709
1076		93743
1047		93776
1343		93809
1165		93843
1262		93876
1200		93909
5094		93943
1482		93976
1230		94010
1129		94043
1162		94076
1085		94110
1325		94143
1107		94176
3358		94210
1358		94243
1127		94277
11640		94310
1847		94343
1696		94377
2220		94410
1865		94443
1356		94477
1759		94510
1445		94543
2390		94577
1146		94610
970		94644
1172		94677
1163		94710
1185		94744
1390		94777
1206		94810
6119		94844
905		94877
888		94910
804		94944
1058		94977
916		95011
1123		95044
902		95077
6878		95111
1252		95144
1061		95177
1140		95211
1143		95244
1014		95278
1153		95311
990		95344
6647		95378
974		95411
768		95444
953		95478
943		95511
762		95544
1165		95578
1032		95611
8838		95645
1014		95678
855		95711
886		95745
976		95778
808		95811
997		95845
901		95878
9038		95911
824		95945
702		95978
1147		96012
888		96045
760		96078
960		96112
1018		96145
6632		96178
869		96212
656		96245
11906		96279
2130		96312
1626		96345
1796		96379
1816		96412
1570		96445
2067		96479
1538		96512
2198		96545
1180		96579
860		96612
1114		96646
1232		96679
1138		96712
1569		96746
1027		96779
4327		96812
1248		96846
950		96879
1144		96912
1049		96946
830		96979
1200		97013
1012		97046
5095		97079
1140		97113
981		97146
991		97179
1210		97213
937		97246
1210		97280
1093		97313
6112		97346
1455		97380
1403		97413
1404		97446
1315		97480
1072		97513
1320		97546
1157		97580
4213		97613
1061		97647
1143		97680
1194		97713
1107		97747
1069		97780
1220		97813
1002		97847
4176		97880
1121		97913
1019		97947
957		97980
1469		98014
1176		98047
1280		98080
1130		98114
5131		98147
1128		98180
960		98214
12243		98247
2025		98281
1731		98314
1499		98347
1718		98381
1376		98414
1635		98447
1977		98481
4602		98514
918		98547
850		98581
840		98614
1054		98648
970		98681
986		98714
961		98748
4626		98781
1239		98814
1001		98848
1149		98881
1193		98914
1078		98948
1195		98981
1100		99015
5831		99048
1134		99081
1119		99115
1172		99148
1312		99181
1499		99215
1193		99248
1172		99282
1987		99315
1891		99348
1723		99382
1765		99415
1799		99448
1692		99482
1719		99515
1649		99548
1548		99582
1605		99615
1873		99649
1733		99682
1622		99715
1582		99749
1694		99782
1687		99815
1807		99849
1780		99882
1839		99915
1699		99949
1657		99982
1795		100016
1581		100049
1611		100082
1512		100116
1510		100149
1461		100182
7277		100216
1245		100249
1208		100283
1568		100316
1434		100349
1630		100383
1653		100416
1426		100449
3573		100483
662		100516
754		100549
743		100583
3486		100616
528		100650
561		100683
550		100716
4246		100750
631		100783
699		100816
709		100850
744		100883
7514		100916
546		100950
598		100983
585		101017
7926		101050
1224		101083
822		101117
865		101150
954		101183
889		101217
942		101250
852		101284
7140		101317
729		101350
770		101384
737		101417
4178		101450
835		101484
936		101517
978		101550
964		101584
2501		101617
1969		101651
1910		101684
1705		101717
2868		101751
842		101784
834		101817
795		101851
859		101884
3023		101917
877		101951
842		101984
1099		102018
1009		102051
1930		102084
2795		102118
846		102151
7029		102184
2181		102218
1714		102251
1729		102285
1639		102318
1681		102351
1803		102385
1715		102418
3481		102451
995		102485
951		102518
1027		102551
3164		102585
721		102618
742		102652
833		102685
3296		102718
850		102752
897		102785
963		102818
2923		102852
948		102885
949		102918
975		102952
4344		102985
800		103019
760		103052
807		103085
1934		103119
1948		103152
1814		103185
1726		103219
1657		103252
1633		103286
1609		103319
1436		103352
1667		103386
1876		103419
1428		103452
3238		103486
660		103519
711		103552
681		103586
4032		103619
613		103653
667		103686
659		103719
5713		103753
977		103786
797		103819
1042		103853
1040		103886
1006		103919
955		103953
1148		103986
9886		104020
1313		104053
1281		104086
1173		104120
11394		104153
3081		104186
1793		104220
1826		104253
1563		104287
1508		104320
1518		104353
1776		104387
5416		104420
601		104453
758		104487
784		104520
867		104553
872		104587
1022		104620
755		104654
10496		104687
859		104720
776		104754
807		104787
881		104820
822		104854
817		104887
842		104920
6070		104954
985		104987
864		105021
962		105054
1052		105087
879		105121
952		105154
1075		105187
8123		105221
1137		105254
1011		105288
1004		105321
1110		105354
879		105388
948		105421
973		105454
4340		105488
1100		105521
918		105554
1025		105588
1029		105621
1047		105655
3703		105688
962		105721
890		105755
1043		105788
953		105821
3989		105855
1274		105888
972		105921
1056		105955
1001		105988
921		106022
4499		106055
1192		106088
10634		106122
2417		106155
1953		106188
1782		106222
1859		106255
1682		106289
1621		106322
1620		106355
2749		106389
1046		106422
897		106455
984		106489
1109		106522
951		106555
3609		106589
1181		106622
1042		106656
1095		106689
1145		106722
1102		106756
1269		106789
1241		106822
3942		106856
1249		106889
1144		106922
1127		106956
1170		106989
1422		107023
1349		107056
1323		107089
4920		107123
1010		107156
940		107189
1036		107223
1054		107256
1072		107290
5197		107323
819		107356
834		107390
840		107423
796		107456
4719		107490
680		107523
676		107556
712		107590
3537		107623
1335		107657
1059		107690
1131		107723
1044		107757
1101		107790
4393		107823
926		107857
892		107890
852		107923
3117		107957
1031		107990
947		108024
988		108057
7938		108090
2255		108124
1872		108157
1906		108190
1897		108224
1853		108257
1935		108291
1584		108324
3648		108357
708		108391
789		108424
818		108457
2943		108491
708		108524
804		108557
849		108591
898		108624
861		108658
5852		108691
1163		108724
1145		108758
1158		108791
1253		108824
1074		108858
1185		108891
1071		108924
6983		108958
922		108991
894		109025
933		109058
911		109091
876		109125
887		109158
974		109191
7763		109225
1104		109258
1081		109292
993		109325
1073		109358
1001		109392
1224		109425
1309		109458
7570		109492
1469		109525
906		109558
950		109592
1174		109625
976		109659
978		109692
941		109725
7427		109759
997		109792
789		109825
843		109859
772		109892
914		109925
881		109959
1012		109992
10200		110026
15457		110059
2865		110092
1271		110126
1651		110159
1344		110192
1621		110226
1232		110259
1455		110293
4037		110326
744		110359
765		110393
815		110426
900		110459
906		110493
864		110526
912		110559
8134		110593
1299		110626
943		110660
907		110693
926		110726
1036		110760
939		110793
1147		110826
7762		110860
1099		110893
804		110926
933		110960
827		110993
1010		111027
859		111060
1016		111093
5450		111127
998		111160
873		111193
1056		111227
893		111260
1032		111294
877		111327
990		111360
5187		111394
1161		111427
912		111460
1160		111494
994		111527
1109		111560
1040		111594
1031		111627
4023		111661
1368		111694
1175		111727
1188		111761
1292		111794
1486		111827
1089		111861
1246		111894
4435		111927
1040		111961
1052		111994
9223		112028
2212		112061
1905		112094
1723		112128
1692		112161
1764		112194
1590		112228
1904		112261
2735		112295
906		112328
957		112361
1029		112395
1085		112428
1008		112461
1133		112495
1137		112528
3886		112561
918		112595
1017		112628
983		112662
1052		112695
1034		112728
2659		112762
1045		112795
1093		112828
1062		112862
2251		112895
937		112928
1004		112962
1022		112995
2831		113029
857		113062
940		113095
954		113129
2848		113162
949		113195
941		113229
974		113262
3518		113296
911		113329
973		113362
882		113396
3532		113429
695		113462
767		113496
808		113529
5053		113562
571		113596
643		113629
609		113663
5711		113696
844		113729
772		113763
834		113796
764		113829
735		113863
8045		113896
1309		113929
1036		113963
9524		113996
3046		114030
1694		114063
1656		114096
1571		114130
1605		114163
1663		114196
2235		114230
5834		114263
729		114297
726		114330
850		114363
816		114397
844		114430
903		114463
910		114497
9221		114530
616		114563
612		114597
579		114630
638		114664
673		114697
8216		114730
894		114764
651		114797
869		114830
832		114864
912		114897
772		114930
921		114964
10636		114997
995		115031
739		115064
865		115097
774		115131
886		115164
863		115197
902		115231
5426		115264
1003		115298
850		115331
911		115364
911		115398
1144		115431
3491		115464
901		115498
783		115531
805		115564
718		115598
3560		115631
736		115665
755		115698
860		115731
862		115765
857		115798
1195		115831
807		115865
4484		115898
1366		115931
11384		115965
2571		115998
2260		116032
1536		116065
1841		116098
1656		116132
1576		116165
1625		116198
5251		116232
720		116265
606		116299
727		116332
838		116365
837		116399
914		116432
883		116465
6625		116499
1000		116532
972		116565
996		116599
1173		116632
952		116666
1096		116699
1034		116732
7056		116766
1018		116799
854		116832
892		116866
927		116899
799		116932
961		116966
950		116999
6804		117033
1080		117066
897		117099
893		117133
948		117166
957		117199
1061		117233
923		117266
7818		117300
1245		117333
890		117366
782		117400
910		117433
939		117466
894		117500
1052		117533
5311		117566
1344		117600
993		117633
1080		117667
1013		117700
1142		117733
1050		117767
1176		117800
4339		117833
1510		117867
1155		117900
14129		117933
2253		117967
1951		118000
1960		118034
1611		118067
1718		118100
1665		118134
1749		118167
2707		118200
819		118234
849		118267
849		118301
985		118334
939		118367
1086		118401
1129		118434
8403		118467
879		118501
824		118534
782		118567
853		118601
885		118634
881		118668
912		118701
5850		118734
1139		118768
1058		118801
1001		118834
1240		118868
1144		118901
972		118934
1008		118968
4545		119001
740		119035
760		119068
738		119101
3641		119135
725		119168
625		119201
718		119235
3920		119268
554		119302
578		119335
598		119368
5310		119402
605		119435
677		119468
746		119502
3908		119535
744		119568
754		119602
841		119635
4407		119669
848		119702
789		119735
800		119769
3363		119802
1132		119835
1034		119869
6900		119902
2150		119935
1864		119969
1872		120002
1764		120036
1802		120069
1914		120102
1750		120136
1530		120169
2291		120202
961		120236
968		120269
955		120303
2140		120336
930		120369
855		120403
889		120436
2742		120469
878		120503
804		120536
750		120569
2860		120603
972		120636
960		120670
1094		120703
1115		120736
3367		120770
1055		120803
1061		120836
1116		120870
1975		120903
1810		120936
1720		120970
1699		121003
1668		121037
1686		121070
1848		121103
1540		121137
1658		121170
1697		121203
2046		121237
877		121270
895		121304
1002		121337
2775		121370
741		121404
900		121437
906		121470
926		121504
4350		121537
974		121570
761		121604
948		121637
1028		121671
981		121704
4105		121737
1200		121771
979		121804
1187		121837
9416		121871
1984		121904
1421		121937
1887		121971
1771		122004
2036		122038
1589		122071
1518		122104
6687		122138
1108		122171
1018		122204
1103		122238
1214		122271
1227		122305
1114		122338
1074		122371
5902		122405
881		122438
690		122471
724		122505
923		122538
5581		122571
1022		122605
1089		122638
1191		122672
1197		122705
1012		122738
1127		122772
978		122805
5929		122838
1025		122872
1092		122905
1043		122938
905		122972
1090		123005
1139		123039
1107		123072
7307		123105
760		123139
681		123172
798		123205
713		123239
5056		123272
1029		123306
955		123339
1088		123372
979		123406
1065		123439
1013		123472
982		123506
5947		123539
985		123572
968		123606
942		123639
1001		123673
990		123706
1139		123739
1012		123773
5428		123806
10376		123839
1623		123873
1469		123906
1509		123939
1780		123973
1636		124006
1691		124040
1524		124073
4840		124106
1104		124140
863		124173
995		124206
1007		124240
990		124273
1254		124307
909		124340
5376		124373
1027		124407
964		124440
1144		124473
1147		124507
911		124540
1177		124573
1234		124607
6087		124640
1147		124674
938		124707
974		124740
1163		124774
1064		124807
1285		124840
1102		124874
5002		124907
1063		124940
947		124974
910		125007
1328		125041
997		125074
1251		125107
967		125141
8831		125174
1348		125207
1060		125241
1121		125274
1195		125308
1054		125341
1412		125374
982		125408
4376		125441
1114		125474
962		125508
1091		125541
1147		125574
875		125608
1199		125641
1210		125675
8393		125708
969		125741
872		125775
11049		125808
2454		125841
1621		125875
1618		125908
1775		125941
1621		125975
1929		126008
1499		126042
3259		126075
999		126108
988		126142
851		126175
931		126208
927		126242
1014		126275
1029		126309
13008		126342
1017		126375
813		126409
827		126442
745		126475
844		126509
843		126542
725		126575
6802		126609
1058		126642
817		126676
770		126709
777		126742
869		126776
1123		126809
1093		126842
12322		126876
408		126909
389		126942
442		126976
470		127009
460		127043
731		127076
533		127109
8695		127143
1051		127176
938		127209
817		127243
789		127276
768		127310
843		127343
756		127376
6548		127410
710		127443
621		127476
833		127510
742		127543
755		127576
843		127610
674		127643
5010		127677
675		127710
515		127743
9025		127777
3031		127810
1764		127843
1426		127877
1686		127910
1497		127943
1649		127977
1552		128010
3056		128044
1032		128077
991		128110
888		128144
1167		128177
941		128210
1258		128244
1038		128277
5608		128311
1198		128344
875		128377
1059		128411
885		128444
910		128477
1098		128511
1258		128544
2269		128577
2895		128611
1492		128644
1122		128678
1195		128711
1154		128744
1119		128778
1249		128811
1359		128844
5241		128878
1255		128911
1017		128944
1078		128978
1170		129011
964		129045
1329		129078
986		129111
4661		129145
1213		129178
1220		129211
1376		129245
1274		129278
1195		129312
1341		129345
1166		129378
6782		129412
885		129445
743		129478
806		129512
897		129545
773		129578
1086		129612
848		129645
7561		129679
1049		129712
11260		129745
2650		129779
1802		129812
1950		129845
1628		129879
1655		129912
1670		129945
1609		129979
2234		130012
1060		130046
1105		130079
1039		130112
1095		130146
902		130179
1437		130212
1274		130246
3876		130279
1212		130313
1066		130346
1232		130379
1211		130413
1233		130446
1192		130479
992		130513
5711		130546
1137		130579
902		130613
1100		130646
997		130680
974		130713
1348		130746
1030		130780
2000		130813
3295		130846
1408		130880
1159		130913
1183		130946
1285		130980
1046		131013
1411		131047
1324		131080
4010		131113
1407		131147
1317		131180
1136		131213
1146		131247
1125		131280
1242		131314
1197		131347
5276		131380
1120		131414
947		131447
1067		131480
1068		131514
921		131547
1215		131580
981		131614
4033		131647
1267		131681
11576		131714
2110		131747
1914		131781
1701		131814
1762		131847
2789		131881
1477		131914
1505		131947
3788		131981
1052		132014
1011		132048
921		132081
1094		132114
943		132148
1318		132181
985		132214
4824		132248
1136		132281
1021		132315
1164		132348
1127		132381
998		132415
1194		132448
1154		132481
8074		132515
934		132548
915		132581
954		132615
1069		132648
901		132682
1096		132715
920		132748
8652		132782
1015		132815
784		132848
978		132882
865		132915
836		132948
1082		132982
931		133015
8457		133049
957		133082
768		133115
773		133149
944		133182
702		133215
932		133249
735		133282
5504		133316
1345		133349
1081		133382
1163		133416
1109		133449
1088		133482
1294		133516
1077		133549
7846		133582
709		133616
774		133649
11999		133683
1980		133716
2412		133749
1810		133783
1515		133816
1521		133849
1604		133883
1479		133916
3334		133949
1018		133983
869		134016
1026		134050
994		134083
1153		134116
1133		134150
1023		134183
4126		134216
1198		134250
1026		134283
994		134317
1267		134350
1177		134383
1310		134417
1251		134450
5185		134483
1161		134517
930		134550
1100		134583
1095		134617
1269		134650
1199		134684
996		134717
5054		134750
1160		134784
868		134817
998		134850
1101		134884
1011		134917
1103		134950
1050		134984
4060		135017
1336		135051
1327		135084
1333		135117
1189		135151
1151		135184
1311		135217
1451		135251
4852		135284
1286		135318
1066		135351
1021		135384
1161		135418
1114		135451
1357		135484
1169		135518
5578		135551
1103		135584
941		135618
12265		135651
1934		135685
1791		135718
1625		135751
1928		135785
1609		135818
2095		135851
1520		135885
3910		135918
950		135951
768		135985
972		136018
1011		136052
896		136085
1167		136118
974		136152
8562		136185
1098		136218
880		136252
985		136285
1024		136319
926		136352
1080		136385
1083		136419
5755		136452
980		136485
811		136519
777		136552
964		136585
597		136619
1044		136652
813		136686
7772		136719
1070		136752
835		136786
1011		136819
859		136852
772		136886
1019		136919
865		136952
5462		136986
1081		137019
1016		137053
962		137086
1057		137119
905		137153
1044		137186
925		137219
5534		137253
1021		137286
792		137320
1058		137353
1043		137386
806		137420
1178		137453
843		137486
7887		137520
797		137553
731		137586
10889		137620
2688		137653
2381		137687
1936		137720
1695		137753
1637		137787
1789		137820
1849		137853
3991		137887
771		137920
794		137953
779		137987
963		138020
722		138054
926		138087
925		138120
5256		138154
1098		138187
939		138220
1279		138254
1106		138287
809		138321
1210		138354
852		138387
11506		138421
939		138454
791		138487
907		138521
847		138554
960		138587
1018		138621
751		138654
4360		138688
1188		138721
1064		138754
908		138788
1098		138821
1172		138854
1189		138888
970		138921
2130		138954
5158		138988
834		139021
690		139055
741		139088
885		139121
741		139155
942		139188
801		139221
6902		139255
930		139288
810		139322
988		139355
802		139388
836		139422
1087		139455
763		139488
5944		139522
985		139555
11237		139588
2386		139622
1942		139655
1627		139689
1624		139722
1930		139755
1659		139789
1631		139822
4459		139855
927		139889
750		139922
888		139955
1040		139989
930		140022
1204		140056
893		140089
4478		140122
1059		140156
1076		140189
937		140222
1179		140256
970		140289
1240		140323
1322		140356
3727		140389
1318		140423
1276		140456
1216		140489
1361		140523
1241		140556
1412		140589
1324		140623
4962		140656
1089		140690
1109		140723
1087		140756
1143		140790
1087		140823
1218		140856
1043		140890
5895		140923
984		140956
1017		140990
988		141023
993		141057
1053		141090
1067		141123
941		141157
5290		141190
1019		141223
965		141257
1124		141290
1123		141324
1040		141357
1271		141390
1012		141424
6679		141457
979		141490
1053		141524
12025		141557
2270		141590
2380		141624
1982		141657
1405		141691
1660		141724
1738		141757
1671		141791
2834		141824
1313		141857
946		141891
1217		141924
1131		141957
1097		141991
1349		142024
1076		142058
4706		142091
1007		142124
805		142158
958		142191
1055		142224
877		142258
1161		142291
1030		142325
7515		142358
999		142391
940		142425
935		142458
1084		142491
806		142525
1024		142558
945		142591
5112		142625
1372		142658
992		142692
1149		142725
1213		142758
1052		142792
1174		142825
1132		142858
4047		142892
1384		142925
1189		142958
1368		142992
1416		143025
1280		143059
1400		143092
1107		143125
4739		143159
1327		143192
1173		143225
1182		143259
1110		143292
1183		143326
1171		143359
1332		143392
5404		143426
995		143459
1046		143492
12194		143526
1883		143559
1495		143592
1572		143626
1724		143659
1767		143693
1742		143726
1540		143759
4414		143793
1039		143826
716		143859
1068		143893
1025		143926
1127		143959
1190		143993
854		144026
5828		144060
1099		144093
951		144126
1086		144160
997		144193
1219		144226
1258		144260
1025		144293
4176		144327
1304		144360
1420		144393
1158		144427
1241		144460
1233		144493
1536		144527
1059		144560
5500		144593
972		144627
970		144660
1000		144694
1010		144727
863		144760
1194		144794
1202		144827
5001		144860
1346		144894
1086		144927
972		144960
1245		144994
941		145027
1270		145061
1118		145094
4157		145127
1200		145161
1075		145194
1084		145227
1058		145261
1005		145294
1350		145328
966		145361
4380		145394
1151		145428
1215		145461
10972		145494
2014		145528
1919		145561
1698		145594
1786		145628
1633		145661
1767		145695
1596		145728
4640		145761
872		145795
988		145828
828		145861
1091		145895
901		145928
1048		145961
1097		145995
7403		146028
1149		146062
905		146095
898		146128
1088		146162
846		146195
1070		146228
925		146262
7208		146295
1118		146329
978		146362
1065		146395
1040		146429
942		146462
1153		146495
1135		146529
5140		146562
1082		146595
1057		146629
1036		146662
1220		146696
1051		146729
1179		146762
1200		146796
4901		146829
1045		146862
852		146896
990		146929
903		146962
924		146996
3989		147029
1340		147063
1197		147096
1301		147129
1242		147163
1219		147196
1285		147229
1367		147263
4244		147296
1064		147330
939		147363
988		147396
1132		147430
8054		147463
1918		147496
1846		147530
1832		147563
1811		147596
1738		147630
1689		147663
1585		147697
3269		147730
876		147763
857		147797
922		147830
903		147863
3397		147897
845		147930
774		147963
770		147997
3161		148030
715		148064
715		148097
740		148130
3637		148164
670		148197
768		148230
774		148264
4278		148297
890		148331
864		148364
973		148397
949		148431
6657		148464
577		148497
689		148531
761		148564
5176		148597
637		148631
602		148664
638		148698
4883		148731
738		148764
679		148798
743		148831
2332		148864
2861		148898
878		148931
761		148964
752		148998
3629		149031
1241		149065
1000		149098
1115		149131
1207		149165
1231		149198
1296		149231
1261		149265
5610		149298
1202		149332
1155		149365
1159		149398
11346		149432
2154		149465
1767		149498
1711		149532
1587		149565
1841		149598
1713		149632
1868		149665
4843		149699
1028		149732
963		149765
970		149799
1055		149832
929		149865
1175		149899
1050		149932
6026		149965
943		149999
915		150032
824		150066
903		150099
837		150132
1057		150166
1079		150199
7507		150232
1542		150266
1033		150299
1008		150333
1087		150366
921		150399
1086		150433
1185		150466
6561		150499
1271		150533
895		150566
988		150599
1096		150633
1011		150666
1236		150700
939		150733
5999		150766
1079		150800
969		150833
1014		150866
1005		150900
1105		150933
1230		150966
1160		151000
3948		151033
1128		151067
1242		151100
1291		151133
1283		151167
1224		151200
1324		151233
1216		151267
4194		151300
1051		151334
978		151367
11479		151400
2096		151434
1835		151467
1482		151500
1624		151534
1731		151567
1485		151600
1601		151634
4205		151667
761		151701
769		151734
915		151767
1020		151801
923		151834
1016		151867
988		151901
6755		151934
947		151967
886		152001
915		152034
972		152068
838		152101
963		152134
1099		152168
8659		152201
1281		152234
934		152268
932		152301
978		152335
984		152368
878		152401
925		152435
7024		152468
1312		152501
941		152535
1138		152568
1080		152601
1027		152635
1269		152668
1068		152702
7846		152735
1202		152768
963		152802
907		152835
1108		152868
898		152902
879		152935
983		152968
5935		153002
1039		153035
861		153069
887		153102
894		153135
920		153169
881		153202
898		153235
5635		153269
1091		153302
900		153336
12944		153369
3406		153402
1712		153436
1516		153469
1836		153502
1641		153536
1794		153569
1530		153602
4283		153636
921		153669
657		153703
613		153736
686		153769
666		153803
679		153836
1121		153869
9309		153903
1364		153936
1044		153969
851		154003
925		154036
960		154070
1010		154103
901		154136
6894		154170
1229		154203
879		154236
1125		154270
1036		154303
1052		154337
1034		154370
1020		154403
4415		154437
1251		154470
989		154503
1006		154537
1140		154570
1051		154603
1168		154637
1049		154670
2766		154704
1187		154737
1085		154770
1156		154804
1170		154837
1122		154870
1125		154904
1151		154937
2813		154970
1026		155004
1122		155037
1200		155071
1135		155104
1064		155137
1150		155171
1234		155204
3093		155237
1125		155271
1340		155304
10905		155338
1915		155371
1619		155404
1720		155438
1761		155471
1556		155504
1710		155538
1606		155571
3662		155604
977		155638
1003		155671
1002		155705
1028		155738
3457		155771
979		155805
905		155838
1029		155871
941		155905
942		155938
4470		155971
1082		156005
999		156038
1088		156072
1197		156105
1001		156138
1113		156172
1131		156205
9752		156238
1469		156272
816		156305
979		156339
865		156372
1336		156405
824		156439
893		156472
6390		156505
1054		156539
929		156572
797		156605
997		156639
1119		156672
1086		156706
1166		156739
7416		156772
1060		156806
723		156839
1092		156872
1007		156906
740		156939
905		156972
936		157006
4450		157039
1633		157073
983		157106
1029		157139
1159		157173
1035		157206
1052		157239
1170		157273
12275		157306
2704		157340
1758		157373
1912		157406
1654		157440
1948		157473
1363		157506
1486		157540
3367		157573
823		157606
960		157640
1098		157673
994		157707
1082		157740
1112		157773
1081		157807
7760		157840
887		157873
847		157907
858		157940
1001		157973
989		158007
1012		158040
1055		158074
7470		158107
913		158140
884		158174
982		158207
885		158240
834		158274
907		158307
961		158341
6312		158374
754		158407
630		158441
704		158474
703		158507
690		158541
4393		158574
1377		158607
1150		158641
1163		158674
1049		158708
1076		158741
1126		158774
1215		158808
6461		158841
605		158874
621		158908
686		158941
3890		158974
717		159008
705		159041
658		159075
3576		159108
628		159141
849		159175
897		159208
2685		159241
7556		159275
2088		159308
1864		159342
1713		159375
1792		159408
1695		159442
1444		159475
1546		159508
3076		159542
730		159575
654		159608
670		159642
3180		159675
518		159709
526		159742
583		159775
4686		159809
915		159842
938		159875
883		159909
839		159942
759		159975
7443		160009
1182		160042
1034		160076
998		160109
974		160142
1176		160176
903		160209
996		160242
6888		160276
740		160309
851		160343
853		160376
911		160409
925		160443
5772		160476
849		160509
765		160543
890		160576
933		160609
3498		160643
1014		160676
892		160710
1009		160743
1037		160776
1053		160810
4584		160843
880		160876
858		160910
819		160943
3411		160976
741		161010
694		161043
771		161077
3772		161110
806		161143
673		161177
664		161210
6491		161243
2897		161277
2111		161310
2088		161344
1857		161377
1818		161410
2013		161444
1691		161477
1676		161510
1743		161544
1766		161577
1905		161610
1581		161644
1591		161677
1666		161711
1800		161744
1651		161777
1675		161811
1540		161844
1520		161877
1687		161911
1800		161944
1570		161977
1607		162011
1618		162044
1513		162078
1628		162111
1671		162144
1549		162178
1642		162211
1608		162244
1641		162278
1711		162311
2012		162345
1651		162378
1505		162411
1453		162445
1619		162478
1471		162511
4015		162545
490		162578
473		162611
576		162645
3465		162678
975		162712
754		162745
686		162778
830		162812
845		162845
4765		162878
905		162912
888		162945
843		162978
927		163012
7282		163045
686		163079
674		163112
660		163145
685		163179
7317		163212
2816		163245
1310		163279
1328		163312
1035		163346
1534		163379
1565		163412
1717		163446
6414		163479
516		163512
571		163546
614		163579
747		163612
748		163646
678		163679
761		163713
8653		163746
1019		163779
780		163813
654		163846
921		163879
995		163913
886		163946
888		163979
8445		164013
1063		164046
772		164080
740		164113
1124		164146
866		164180
980		164213
1330		164246
6185		164280
730		164313
911		164347
744		164380
861		164413
745		164447
805		164480
983		164513
4100		164547
951		164580
829		164613
947		164647
999		164680
1107		164714
915		164747
981		164780
5628		164814
934		164847
660		164880
835		164914
860		164947
790		164980
1133		165014
1051		165047
9839		165081
914		165114
718		165147
9706		165181
2778		165214
1403		165247
1444		165281
1544		165314
1321		165348
1288		165381
1295		165414
12486		165317
FIN DEL PROCESO
